-1
-1
11
-1
25
-1
1
-1
31
-1
5
-1
2
20
-1
24
2
-1
-1
21
3
-1
-1
-1
-1
2
17
-1
-1
8
7
45
-1
-1
-1
-1
-1
-1
-1
20
-1
14
-1
-1
-1
1
-1
-1
-1
-1
2
-1
-1
-1
-1
-1
-1
-1
2
-1
-1
1
38
19
-1
6
-1
-1
6
10
-1
7
-1
-1
-1
-1
32
-1
-1
-1
-1
17
-1
4
-1
11
7
26
2
-1
35
-1
8
-1
25
-1
8
-1
-1
13
22
1
-1
17
-1
-1
-1
-1
-1
-1
-1
11
-1
13
2
-1
22
2
-1
27
2
-1
4
-1
-1
-1
-1
-1
2
2
-1
-1
29
34
16
-1
3
-1
-1
-1
10
-1
4
42
-1
-1
-1
-1
2
-1
4
2
-1
-1
-1
18
6
-1
4
4
-1
4
-1
17
-1
-1
-1
-1
2
-1
-1
-1
-1
-1
-1
1
-1
-1
-1
-1
7
-1
-1
5
17
39
-1
-1
1
22
-1
-1
-1
27
-1
-1
4
8
-1
1
-1
1
-1
41
-1
-1
-1
6
28
4
-1
-1
14
-1
-1
-1
-1
-1
10
-1
10
-1
-1
-1
-1
-1
-1
9
-1
-1
33
4
-1
3
7
1
16
-1
-1
2
15
-1
3
-1
-1
-1
6
37
1
1
-1
-1
-1
-1
37
1
23
1
-1
6
-1
14
-1
-1
3
5
-1
9
1
11
-1
-1
3
-1
9
5
-1
-1
7
15
-1
1
-1
2
-1
8
-1
17
-1
17
7
19
6
-1
-1
-1
5
21
11
-1
8
-1
9
-1
-1
15
12
-1
23
-1
-1
18
-1
1
-1
-1
-1
8
-1
-1
-1
-1
20
1
-1
4
-1
9
-1
13
-1
-1
-1
-1
-1
-1
-1
-1
18
-1
-1
-1
2
-1
-1
19
14
-1
-1
-1
1
-1
1
12
-1
-1
-1
-1
3
-1
-1
13
-1
-1
56
-1
-1
43
-1
-1
27
-1
8
-1
5
-1
-1
-1
54
-1
24
-1
-1
-1
5
-1
63
4
-1
-1
-1
1
-1
-1
7
10
-1
11
4
-1
-1
11
-1
2
-1
-1
2
5
-1
4
-1
-1
16
-1
7
-1
-1
-1
2
-1
-1
-1
0
-1
5
-1
-1
16
22
-1
-1
3
-1
-1
-1
36
-1
28
-1
-1
4
-1
-1
-1
12
5
1
-1
16
11
-1
-1
-1
1
-1
1
-1
14
2
-1
-1
-1
-1
-1
-1
-1
-1
-1
-1
-1
9
-1
-1
6
5
-1
8
1
-1
1
16
1
0
-1
5
-1
1
1
2
-1
-1
6
7
-1
47
57
-1
-1
13
-1
33
-1
-1
43
-1
-1
1
-1
14
-1
4
-1
0
-1
-1
-1
-1
5
-1
-1
27
-1
1
4
2
-1
17
-1
-1
-1
11
-1
4
19
10
-1
11
-1
-1
-1
-1
-1
6
-1
10
-1
-1
-1
1
8
2
4
-1
23
-1
14
13
1
-1
-1
-1
7
-1
-1
-1
-1
-1
-1
29
11
-1
6
8
-1
23
-1
22
-1
-1
-1
-1
0
57
-1
-1
2
45
-1
-1
-1
-1
-1
-1
-1
-1
1
-1
16
38
19
19
1
-1
1
-1
-1
0
-1
4
-1
17
-1
-1
-1
-1
1
4
50
-1
-1
-1
12
-1
-1
2
-1
4
-1
-1
6
-1
8
1
-1
-1
-1
-1
-1
3
-1
-1
-1
-1
4
-1
-1
-1
-1
20
-1
-1
-1
14
3
-1
-1
9
-1
9
-1
-1
10
-1
-1
-1
-1
-1
-1
-1
14
10
10
-1
2
-1
-1
3
-1
-1
35
-1
-1
-1
2
1
5
3
-1
-1
-1
-1
5
-1
-1
-1
19
-1
-1
-1
-1
43
-1
11
-1
-1
0
-1
-1
21
49
-1
-1
-1
15
-1
-1
-1
18
14
1
-1
-1
-1
-1
46
15
-1
44
-1
-1
13
2
-1
-1
7
-1
4
42
0
-1
21
-1
-1
-1
-1
-1
-1
-1
-1
-1
8
26
-1
-1
-1
-1
2
9
-1
2
3
-1
13
3
32
-1
-1
-1
-1
-1
-1
-1
-1
15
18
6
5
-1
-1
-1
-1
-1
18
4
3
-1
1
-1
-1
-1
4
4
-1
-1
-1
-1
-1
4
-1
44
-1
3
4
-1
-1
-1
-1
-1
-1
-1
-1
-1
4
-1
-1
-1
-1
-1
-1
-1
1
-1
-1
-1
-1
-1
-1
-1
-1
-1
-1
7
28
29
3
-1
-1
29
29
-1
-1
47
-1
-1
5
-1
-1
-1
-1
-1
-1
-1
-1
1
26
-1
-1
-1
31
-1
-1
-1
-1
1
3
-1
-1
-1
-1
-1
-1
1
4
3
1
1
1
-1
-1
4
27
-1
-1
10
-1
31
-1
-1
-1
0
2
1
-1
-1
9
-1
-1
-1
3
0
-1
11
-1
11
-1
-1
26
21
22
23
24
25
26
27
28
29
30
31
32
33
34
35
36
37
38
39
40
41
42
43
44
45
46
47
48
49
50
51
-1
0
0
0
0
0
0
0
0
0
0
0
0
0
0
0
0
