-1
9
-1
3
-1
-1
-1
-1
-1
-1
-1
14
-1
27
-1
13
-1
-1
7
-1
9
-1
-1
-1
-1
-1
-1
2
16
-1
-1
24
-1
-1
3
-1
5
11
-1
-1
-1
40
-1
13
14
-1
-1
3
-1
-1
-1
-1
7
-1
7
-1
-1
19
3
-1
-1
-1
-1
-1
-1
13
7
1
40
-1
2
-1
-1
-1
22
-1
-1
-1
12
-1
-1
-1
-1
14
-1
1
-1
10
-1
4
8
8
-1
28
-1
-1
1
0
15
16
-1
-1
-1
2
-1
4
4
-1
26
-1
-1
-1
-1
3
31
-1
-1
1
-1
-1
-1
18
-1
29
16
-1
-1
1
-1
20
-1
-1
1
-1
-1
12
39
9
5
-1
10
-1
-1
-1
-1
-1
6
-1
-1
13
9
-1
9
24
-1
7
-1
-1
-1
53
-1
-1
49
-1
-1
23
2
-1
-1
-1
-1
-1
0
-1
-1
7
14
-1
-1
4
-1
11
4
1
-1
-1
-1
-1
10
14
-1
-1
-1
-1
5
-1
14
4
-1
-1
-1
31
-1
-1
29
11
-1
7
-1
34
-1
-1
-1
-1
16
-1
-1
-1
1
-1
14
-1
2
-1
45
-1
-1
28
-1
-1
20
-1
-1
1
-1
9
-1
-1
-1
1
1
-1
-1
13
-1
5
-1
29
-1
23
-1
-1
-1
1
5
-1
-1
-1
-1
2
-1
-1
7
8
-1
11
-1
30
7
-1
-1
-1
7
-1
-1
-1
32
-1
2
6
-1
5
-1
26
16
2
-1
-1
-1
1
-1
-1
6
1
-1
12
1
-1
4
-1
-1
20
-1
-1
-1
-1
2
-1
3
2
-1
-1
-1
-1
-1
17
-1
-1
-1
-1
19
-1
-1
-1
-1
-1
-1
3
1
4
4
7
-1
-1
16
-1
-1
-1
-1
2
14
3
-1
-1
-1
12
-1
-1
-1
-1
-1
-1
18
1
-1
-1
-1
2
-1
-1
3
-1
11
5
-1
-1
-1
-1
7
2
-1
-1
-1
-1
-1
1
18
-1
-1
-1
5
-1
2
5
41
8
1
12
-1
1
-1
-1
1
-1
-1
26
-1
-1
2
-1
31
-1
-1
-1
35
-1
-1
8
-1
-1
-1
42
9
-1
26
29
-1
-1
8
1
10
8
4
-1
-1
-1
-1
8
12
2
-1
7
-1
-1
0
-1
-1
5
27
-1
-1
5
1
-1
-1
-1
-1
-1
-1
8
-1
-1
-1
33
11
2
-1
13
-1
10
-1
-1
12
-1
-1
10
65
4
3
13
-1
33
-1
-1
-1
2
8
8
3
-1
-1
7
-1
-1
-1
42
-1
17
-1
-1
6
-1
26
-1
-1
-1
-1
0
-1
-1
-1
-1
-1
-1
-1
-1
-1
-1
10
-1
-1
2
17
-1
-1
1
8
-1
16
43
9
7
-1
3
-1
-1
-1
-1
-1
-1
9
-1
2
-1
1
8
-1
3
20
8
-1
-1
1
5
11
4
16
-1
29
-1
-1
-1
52
19
1
-1
1
-1
-1
-1
-1
9
-1
-1
1
-1
-1
3
-1
-1
-1
-1
18
-1
51
-1
11
5
38
-1
-1
-1
11
-1
-1
23
3
70
-1
3
-1
17
-1
-1
-1
6
-1
-1
36
-1
1
-1
-1
28
-1
10
-1
-1
3
21
27
-1
-1
-1
-1
-1
-1
-1
-1
3
-1
-1
-1
5
2
8
2
-1
-1
-1
-1
1
-1
-1
-1
18
-1
-1
-1
44
15
-1
4
17
-1
3
-1
2
10
23
15
-1
-1
1
13
-1
-1
29
-1
-1
4
1
5
-1
-1
2
7
4
-1
-1
25
6
-1
-1
-1
3
-1
-1
-1
2
-1
6
-1
-1
6
-1
9
-1
12
7
-1
-1
-1
-1
-1
-1
0
-1
-1
-1
-1
21
-1
5
23
1
-1
-1
2
-1
-1
4
2
-1
-1
-1
-1
-1
-1
10
-1
-1
-1
-1
3
2
-1
-1
-1
17
-1
1
45
-1
-1
1
14
-1
-1
-1
-1
-1
-1
44
-1
8
-1
5
6
5
5
16
-1
-1
21
-1
15
4
-1
-1
4
-1
-1
-1
10
-1
1
-1
-1
8
5
-1
-1
-1
-1
-1
-1
-1
-1
-1
-1
-1
-1
-1
-1
-1
-1
2
28
44
10
-1
-1
15
-1
-1
-1
2
34
-1
-1
-1
9
-1
-1
-1
-1
21
-1
40
17
3
30
-1
-1
-1
-1
-1
-1
2
-1
4
-1
1
10
-1
3
-1
-1
5
-1
1
-1
14
10
-1
-1
-1
-1
-1
-1
-1
11
-1
43
-1
29
-1
11
-1
39
-1
-1
-1
-1
-1
27
-1
-1
1
42
27
-1
-1
-1
-1
47
1
1
-1
-1
-1
-1
20
2
-1
-1
-1
-1
-1
-1
1
-1
24
-1
-1
1
-1
-1
-1
21
-1
-1
-1
-1
-1
-1
-1
0
-1
-1
-1
-1
-1
-1
-1
1
-1
15
-1
2
-1
-1
-1
-1
1
40
-1
-1
-1
-1
3
-1
-1
-1
4
-1
-1
8
-1
-1
-1
9
-1
-1
23
-1
2
-1
18
-1
-1
-1
-1
-1
-1
-1
-1
-1
-1
-1
2
-1
-1
-1
2
-1
11
-1
-1
1
-1
-1
-1
-1
-1
17
-1
-1
5
-1
-1
-1
29
-1
-1
-1
3
-1
-1
24
-1
15
2
-1
-1
-1
-1
-1
5
3
-1
-1
7
-1
5
-1
1
7
-1
