2
4
3
1
13
1
6
4
5
2
1
6
1
7
1
9
9
8
5
4
1
3
11
3
1
7
8
21
1
1
19
5
1
2
3
1
4
2
4
6
1
12
6
8
1
9
1
3
2
2
1
2
4
9
8
19
2
2
1
1
4
7
4
7
1
9
1
5
5
8
2
9
2
4
11
15
4
3
3
12
7
1
19
2
9
3
21
24
8
9
2
1
3
6
2
1
4
10
13
1
8
4
11
11
1
1
6
1
10
23
4
17
2
1
8
3
4
8
2
13
3
1
3
9
10
2
3
8
12
1
19
7
8
21
21
1
5
19
1
2
18
13
3
5
2
4
8
1
1
2
7
2
11
13
13
2
5
6
14
7
2
8
4
11
4
1
6
16
1
7
6
6
1
2
5
2
1
8
13
2
1
5
2
9
2
3
4
5
13
1
3
4
5
12
14
1
2
1
13
6
4
4
3
10
21
2
2
17
19
2
4
2
13
2
3
1
2
5
10
2
19
18
9
1
7
1
13
3
4
7
16
10
1
4
1
17
2
6
2
6
2
10
10
7
17
1
12
8
15
5
7
3
1
6
5
6
2
2
2
10
1
2
5
2
10
3
2
3
4
5
5
22
3
3
2
2
17
12
3
2
18
2
2
7
6
4
8
10
16
4
13
1
9
3
5
7
12
5
6
4
11
14
1
2
1
4
1
3
6
1
6
7
1
1
10
6
8
4
1
2
1
4
8
1
3
4
2
15
7
2
7
4
1
1
13
1
1
9
1
1
5
1
2
11
2
1
13
6
3
1
6
6
8
7
9
3
6
5
3
12
1
6
16
1
4
16
3
3
14
9
4
2
4
1
2
13
17
6
1
4
1
1
1
5
2
1
1
6
2
12
3
2
10
5
2
5
3
10
2
3
1
1
4
7
3
1
15
4
2
4
2
1
2
17
2
3
1
12
1
6
5
4
1
1
6
1
13
1
1
7
4
4
1
11
4
3
3
2
11
4
5
3
2
2
10
3
13
7
13
13
1
1
12
3
8
1
1
1
2
2
1
1
3
14
10
12
2
6
6
4
2
6
10
8
11
3
1
1
3
4
10
1
7
1
2
17
2
1
9
1
8
6
2
2
10
6
11
9
13
18
1
5
21
16
16
10
3
4
4
2
3
11
1
14
15
2
3
2
1
1
1
5
4
9
8
20
11
3
2
19
6
14
1
2
1
2
1
1
1
8
11
3
9
18
7
1
12
11
5
3
5
6
14
11
4
3
8
2
5
9
10
5
11
2
2
7
1
1
2
6
13
15
1
4
4
14
2
1
16
6
2
1
1
2
15
1
3
16
16
1
6
1
11
12
6
9
4
7
4
23
12
16
1
5
1
3
8
1
5
1
2
1
1
2
10
4
1
2
13
1
6
1
13
1
12
1
10
1
1
7
8
15
10
3
1
1
17
8
1
2
6
19
1
1
3
9
4
9
16
2
9
1
8
2
14
6
15
6
16
3
2
3
3
5
3
6
1
4
5
4
6
4
20
5
9
5
1
14
3
6
6
4
1
3
12
4
0
1
22
1
2
1
6
12
2
8
1
23
6
11
2
8
7
7
2
8
4
2
1
1
10
11
3
3
5
1
1
14
4
4
1
3
24
1
2
4
6
10
12
2
5
7
9
10
9
2
2
1
7
5
5
10
14
8
7
4
10
1
12
2
2
2
12
11
11
1
8
11
1
4
2
1
18
4
7
1
5
5
6
1
6
1
6
1
2
10
16
13
3
18
8
3
1
2
7
5
2
8
4
21
1
1
1
11
6
1
4
7
3
1
2
2
10
2
1
16
8
2
6
6
1
4
11
1
4
1
1
1
8
5
1
1
5
3
9
1
1
3
2
8
4
13
18
1
3
6
7
2
3
7
11
9
5
24
3
3
7
2
3
8
3
2
10
7
5
19
6
3
2
5
4
1
9
5
3
9
1
1
1
2
8
1
4
5
1
7
2
10
2
5
2
15
8
2
4
6
2
4
3
8
2
1
2
2
3
2
18
2
16
1
9
5
2
8
2
2
7
1
18
2
2
1
10
5
12
18
1
4
14
9
1
4
13
8
2
4
16
2
3
18
5
2
4
5
3
2
1
1
13
18
3
2
11
5
18
2
1
6
3
1
5
4
4
4
7
1
2
11
25
5
3
2
5
11
5
5
1
7
5
1
10
1
4
1
11
1
1
7
2
15
1
1
3
9
17
3
2
2
3
9
6
13
20
7
1
2
1
3
12
6
